1111111111111111
1111000000001111
1111000000111111
1111000000111111
1111000000111111
1111100000001111
1110000000111111
1110000000001111
1000000000000001
3343333334334333
3433333444333333
3333334443334333
1000000000000001
1111000000001111
1111100000011111
2222222222222222
2222222222222222
1111000000111111
1111111100001111
1111000000111111
1111100000001111
2222222222222222
1000000000001111
1100000000111111
2222222222222222
1110000000000001
3343334433333343
3343333343334443
1111110010110111
1110000000000011
2222222222222222
2222222222222222
2222222222222222
1111100000011111
1111110000011111
1111110000111111
1111000000011111
1111111100011111
1555555555555551
1000000000000001
1110000000000111
1111111111111111